40 40
........................................
........................................
........................................
...XXXXX.......XXXXX..........XXXXX.....
...XXXXX.......XXXXX..........XXXXX.....
...XXXXX.......XXXXXXXX.......XXXXX.....
...XXXXX.......XXXXXXXX.......XXXXX.....
...XXXXX.......XXXXXXXX.......XXXXX.....
....................XXX.................
........................................
..........XXX..............XX...........
..........XXX..............XXX..........
..........XXX..............XXX..........
...................^v...................
...................^v...................
...XXXXX.......XXXX^v.........XXXXX.....
...XXXXX.......XXXX^v.........XXXXX.....
...XXXXX.......XXXX^v.........XXXXX.....
...XXXXX.......XXXX^v.........XXXXX.....
...XXXXX.....<<<<<<..<<<<<<...XXXXX.....
.....XXXX....>>>>>>..>>>>>>....XXXX.....
.....XXXX..........^v..........XXXX.....
.....XXXX..........^v..........XXXX.....
...................^v...................
...................^v...................
...................^v...................
...................^v...................
..........XXX..............XXX..........
..........XXX..............XXX..........
..........XXX..............XXX..........
...XXXXX.......XXXX...........XXXXX.....
...XXXXX.......XXXXXXXX.......XXXXX.....
...XXXXX.......XXXXXXXX.......XXXXX.....
...XXXXX.......XXXXXXXX.......XXXXX.....
...XXXXX.......XXXXXXXX.......XXXXX.....
........................................
........................................
........................................
........................................
........................................
10
1 10 160
0 0
39 39
3
9 9
19 19
29 29
2 9 160
39 0
0 39
3
29 9
19 19
9 29
3 8 150
0 39
39 0
3
9 29
19 19
29 9
4 7 150
39 39
0 0
3
29 29
19 19
9 9
5 6 140
0 19
39 20
3
9 19
19 19
29 20
6 5 140
19 0
20 39
3
19 9
19 19
20 29
7 4 130
0 9
39 29
3
9 9
19 19
29 29
8 3 130
9 0
29 39
3
9 9
19 29
29 39
9 2 120
39 9
0 29
3
29 9
19 19
9 29
10 1 120
9 39
29 0
3
9 29
19 19
29 9
